spawns: 
  default: 
    world: world
    x: 297.94127024435653
    y: 137.0
    z: 777.9936870208893
    yaw: -272.09805
    pitch: 11.409682
