socialspy: false
timestamps:
  login: 1410516857325
  logout: 1410516876783
ipAddress: 61.143.228.206
lastlocation:
  world: world
  x: 253.5
  y: 70.0
  z: -125.5
  yaw: 0.0
  pitch: 0.0
logoutlocation:
  world: world
  x: 245.1655606310187
  y: 70.0
  z: -134.03488921081143
  yaw: -358.50452
  pitch: 3.4500093
money: '30.0'
