socialspy: false
timestamps:
  login: 1410262272616
  logout: 1410262288363
ipAddress: 182.149.164.169
lastlocation:
  world: world
  x: 245.5
  y: 70.0
  z: -143.5
  yaw: 0.0
  pitch: 0.0
logoutlocation:
  world: world
  x: 340.66137986938435
  y: 66.4
  z: 198.12417287655217
  yaw: -180.44762
  pitch: 40.05002
money: '30.0'
