socialspy: false
timestamps:
  login: 1410663995885
  logout: 1410664289962
ipAddress: 60.180.7.116
lastlocation:
  world: world
  x: 240.5
  y: 84.0
  z: -128.5
  yaw: 0.0
  pitch: 0.0
logoutlocation:
  world: world
  x: 94.55820295976733
  y: 66.0
  z: -37.048397344422895
  yaw: -284.2546
  pitch: 14.2499895
money: '10.0'
