socialspy: false
timestamps:
  login: 1410574105623
  logout: 1410574458249
ipAddress: 111.201.15.69
lastlocation:
  world: world
  x: 243.5
  y: 80.0
  z: -141.5
  yaw: 0.0
  pitch: 0.0
logoutlocation:
  world: world
  x: 245.86132782116186
  y: 70.0
  z: -149.3041332366703
  yaw: -212.3999
  pitch: 8.999999
money: '30.0'
