socialspy: false
timestamps:
  login: 1410659847929
  logout: 1410660317770
ipAddress: 115.226.140.103
logoutlocation:
  world: world
  x: 470.30480598096716
  y: 69.0
  z: -805.7102593410881
  yaw: -0.30077875
  pitch: 21.449974
money: '30.0'
