socialspy: false
timestamps:
  login: 1410336846834
  logout: 1410337098426
ipAddress: 121.12.106.4
lastlocation:
  world: world
  x: 236.5
  y: 74.0
  z: -139.5
  yaw: 0.0
  pitch: 0.0
logoutlocation:
  world: world
  x: 178.30169454489078
  y: 66.0
  z: -184.31682075941396
  yaw: -1.8043213
  pitch: 31.649986
money: '0.0'
