socialspy: false
timestamps:
  login: 1410349085102
  logout: 1410349096220
ipAddress: 106.42.179.146
lastlocation:
  world: world
  x: 249.5
  y: 72.0
  z: -132.5
  yaw: 0.0
  pitch: 0.0
logoutlocation:
  world: world
  x: 245.1655606310187
  y: 70.0
  z: -134.03488921081143
  yaw: -357.45453
  pitch: 4.3500094
money: '30.0'
