socialspy: false
timestamps:
  login: 1410267354863
  logout: 1410267432431
ipAddress: 27.156.206.43
lastlocation:
  world: world
  x: 242.5
  y: 74.0
  z: -141.5
  yaw: 0.0
  pitch: 0.0
logoutlocation:
  world: world
  x: 244.80261309853205
  y: 70.0
  z: -133.56103572034672
  yaw: -186.75464
  pitch: 16.050035
money: '30.0'
