socialspy: false
timestamps:
  login: 1410596750785
  logout: 1410598848623
  lastteleport: 1410598416453
ipAddress: 115.238.243.44
lastlocation:
  world: world
  x: 310.3089342359008
  y: 57.166109260938214
  z: -38.69999998807907
  yaw: -3.4855957
  pitch: -1.2000046
money: '34.655'
logoutlocation:
  world: world
  x: 312.69999998807907
  y: 60.19068917880161
  z: -42.659240903909264
  yaw: -209.42877
  pitch: 11.849993
homes:
  home:
    world: world
    x: 314.0855770249413
    y: 64.0
    z: -79.51733459513164
    yaw: -357.78064
    pitch: 37.65006
ban:
  reason: §4已封禁:§r 登录失败!您的帐号已被此服务器封禁!
  timeout: 0
