socialspy: false
timestamps:
  login: 1410674309196
  kits:
    tools: 1410631131896
  lastteleport: 1410675063227
  logout: 1410675803912
ipAddress: 122.247.26.234
lastlocation:
  world: world
  x: 245.1655606310187
  y: 70.0
  z: -134.03488921081143
  yaw: -357.30453
  pitch: 4.5000095
afk: true
homes:
  a:
    world: world
    x: -489.6798696707237
    y: 70.0
    z: -523.8083903073979
    yaw: 291.90027
    pitch: 18.449972
  b:
    world: world
    x: -459.5542729539973
    y: 11.0
    z: -774.456856627745
    yaw: 109.79977
    pitch: 24.300053
  c:
    world: DIM-1
    x: -80.23040383217068
    y: 45.0
    z: -63.35717824126226
    yaw: -123.59979
    pitch: 13.049988
logoutlocation:
  world: world
  x: -561.3000000119209
  y: 8.0
  z: -499.75582748555144
  yaw: -239.24866
  pitch: 27.749817
money: '30.0'
