socialspy: false
timestamps:
  login: 1410445835324
  logout: 1410445853990
  lastteleport: 1410437363307
ipAddress: 182.151.106.103
lastlocation:
  world: world
  x: 322.30000001192093
  y: 54.0
  z: -153.69999998807907
  yaw: 294.75
  pitch: 49.349987
logoutlocation:
  world: world
  x: 320.0
  y: 76.32959999084486
  z: -158.20000000298023
  yaw: 0.0
  pitch: 0.0
afk: false
money: '240.209'
