socialspy: false
timestamps:
  login: 1410568487476
  logout: 1410568701626
  lastteleport: 1410532389000
ipAddress: 183.33.109.194
lastlocation:
  world: world
  x: -442.69574354071875
  y: 73.0
  z: 58.66116716757916
  yaw: -9.463932
  pitch: 56.250145
logoutlocation:
  world: world
  x: -383.10825175605214
  y: 67.0
  z: -62.15972846058372
  yaw: 175.79327
  pitch: 10.20001
money: '30.0'
