socialspy: false
timestamps:
  login: 1410260133616
  logout: 1410260730910
ipAddress: 171.223.140.98
lastlocation:
  world: world
  x: 237.5
  y: 70.0
  z: -137.5
  yaw: 0.0
  pitch: 0.0
logoutlocation:
  world: world
  x: 33.69999998807906
  y: 59.0
  z: -236.9669494645652
  yaw: -59.84793
  pitch: 9.749928
money: '30.0'
