socialspy: false
timestamps:
  login: 1410839245697
  logout: 1410840048631
  lastteleport: 1410839350311
ipAddress: 175.171.87.179
lastlocation:
  world: world
  x: 136.69999998807907
  y: 67.0
  z: 708.8995579620259
  yaw: -175.84213
  pitch: 13.690472
logoutlocation:
  world: world
  x: -68.59921977298453
  y: 76.0
  z: 743.836608300235
  yaw: -322.04614
  pitch: 49.982018
homes:
  home:
    world: world
    x: -5.366924092334893
    y: 72.0
    z: 747.2491695792899
    yaw: -185.54858
    pitch: 13.500003
money: '30.0'
