socialspy: false
timestamps:
  login: 1410611530739
  logout: 1410611531701
ipAddress: 120.4.88.70
lastlocation:
  world: world
  x: 237.5
  y: 84.0
  z: -140.5
  yaw: 0.0
  pitch: 0.0
logoutlocation:
  world: world
  x: 245.1655606310187
  y: 70.0
  z: -134.03488921081143
  yaw: -357.45453
  pitch: 4.3500094
money: '30.0'
