socialspy: false
timestamps:
  login: 1410435820128
  logout: 1410435838686
ipAddress: 218.201.167.230
lastlocation:
  world: world
  x: 238.5
  y: 74.0
  z: -138.5
  yaw: 0.0
  pitch: 0.0
logoutlocation:
  world: world
  x: 245.1655606310187
  y: 70.0
  z: -134.03488921081143
  yaw: -357.45453
  pitch: 4.3500094
money: '30.0'
