socialspy: false
timestamps:
  login: 1410333343618
  logout: 1410333384997
ipAddress: 106.38.205.8
lastlocation:
  world: world
  x: 253.5
  y: 74.0
  z: -132.5
  yaw: 0.0
  pitch: 0.0
logoutlocation:
  world: world
  x: 245.1655606310187
  y: 70.0
  z: -134.03488921081143
  yaw: -358.95453
  pitch: 6.00001
money: '30.0'
