socialspy: false
timestamps:
  login: 1410667246540
  logout: 1410667311577
ipAddress: 69.114.2.50
lastlocation:
  world: world
  x: 245.5
  y: 84.0
  z: -128.5
  yaw: 0.0
  pitch: 0.0
logoutlocation:
  world: world
  x: 242.05088288308193
  y: 74.0
  z: -134.92500001192093
  yaw: -71.70444
  pitch: 12.900014
money: '30.0'
