socialspy: false
timestamps:
  login: 1410589857415
  logout: 1410589866435
ipAddress: 221.206.236.57
lastlocation:
  world: world
  x: 254.5
  y: 69.0
  z: -143.5
  yaw: 0.0
  pitch: 0.0
logoutlocation:
  world: world
  x: 245.1655606310187
  y: 70.0
  z: -134.03488921081143
  yaw: -357.75452
  pitch: 4.3500094
money: '30.0'
