socialspy: false
timestamps:
  login: 1410535151748
  logout: 1410535249153
  lastteleport: 1410512487929
ipAddress: 124.156.68.76
lastlocation:
  world: world
  x: 166.69999998807907
  y: 64.0
  z: -151.5283770459532
  yaw: -90.60468
  pitch: -14.699989
logoutlocation:
  world: world
  x: 223.69999998807907
  y: 69.0
  z: -141.424379832683
  yaw: -48.45456
  pitch: 43.950012
afk: false
money: '126.51150000000004'
