socialspy: false
timestamps:
  login: 1410337848383
  logout: 1410337870433
ipAddress: 121.12.106.4
lastlocation:
  world: world
  x: 242.5
  y: 74.0
  z: -140.5
  yaw: 0.0
  pitch: 0.0
money: '0.0'
logoutlocation:
  world: world
  x: 251.76249998807907
  y: 71.0
  z: -141.61160407548675
  yaw: -87.304565
  pitch: 32.700016
