socialspy: false
timestamps:
  login: 1410337626237
  logout: 1410337634656
ipAddress: 121.12.106.4
lastlocation:
  world: world
  x: 251.5
  y: 70.0
  z: -126.5
  yaw: 0.0
  pitch: 0.0
money: '0.0'
logoutlocation:
  world: world
  x: 242.4624796964813
  y: 70.0
  z: -130.89880824569053
  yaw: -285.4545
  pitch: 40.05001
