socialspy: false
timestamps:
  login: 1410602274736
  logout: 1410602287981
ipAddress: 115.222.209.81
lastlocation:
  world: world
  x: 239.5
  y: 84.0
  z: -129.5
  yaw: 0.0
  pitch: 0.0
logoutlocation:
  world: world
  x: 245.1655606310187
  y: 70.0
  z: -134.03488921081143
  yaw: -357.45453
  pitch: 4.3500094
money: '30.0'
