socialspy: false
timestamps:
  login: 1410414154662
  logout: 1410414203699
ipAddress: 183.60.254.72
lastlocation:
  world: world
  x: 314.1155333683852
  y: 63.0
  z: -182.64380409590046
  yaw: -70.354355
  pitch: 82.35009
money: '30.0'
logoutlocation:
  world: world
  x: 284.69999998807907
  y: 62.0
  z: -164.69999998807907
  yaw: 24.745258
  pitch: 63.300003
