socialspy: false
timestamps:
  login: 1410261704307
  logout: 1410261713098
ipAddress: 223.68.253.205
lastlocation:
  world: world
  x: 254.5
  y: 70.0
  z: -136.5
  yaw: 0.0
  pitch: 0.0
logoutlocation:
  world: world
  x: 245.1655606310187
  y: 70.0
  z: -134.03488921081143
  yaw: -357.30453
  pitch: 4.5000095
money: '30.0'
