socialspy: false
timestamps:
  login: 1410859962938
  logout: 1410859992791
ipAddress: 60.55.9.55
lastlocation:
  world: world
  x: 291.5
  y: 164.0
  z: 781.5
  yaw: 0.0
  pitch: 0.0
logoutlocation:
  world: world
  x: 259.59535574493447
  y: 62.0
  z: 410.4041840568292
  yaw: -341.6975
  pitch: 17.549986
money: '30.0'
