world: world
x: 296.32513585288973
y: 137.0
z: 777.4657546053643
yaw: -262.96436
pitch: 18.743622
name: csd
