world: world
x: 296.69999998807907
y: 63.0
z: 834.6999999880791
yaw: -214.65694
pitch: 21.750015
name: PVP
